cpu 10379088 0 6215744 4413747274
cpu0 2083625 0 2258796 364853093
cpu1 1139421 0 633968 367421765
cpu2 1832171 0 880718 366482265
cpu3 1146046 0 562234 367486859
cpu4 1046562 0 448531 367700062
cpu5 809328 0 348000 368037796
cpu6 709203 0 296906 368189031
cpu7 455531 0 177390 368562218
cpu8 422734 0 240015 368532390
cpu9 256828 0 119593 368818718
cpu10 250218 0 142078 368802859
cpu11 227421 0 107515 368860218
page 11605105 619587
swap 11605105 261777
intr 317673813
ctxt 387516287
btime 1701923037
